0.00000	3796.736	0.7307605
0.00483	3796.218	0.7141139
0.00966	3795.193	0.7208046
0.01448	3794.594	0.5855377
0.01930	3794.260	0.4697025
0.02410	3795.580	0.3682358
0.02891	3794.698	0.2643409
0.03371	3794.018	0.1820700
0.03850	3792.762	0.1213819
0.04321	3789.587	0.0657952
0.04790	3789.337	0.0265843
0.05255	3789.066	0.0142224
0.05720	3786.683	0.0142224
0.06186	3786.437	0.0101243
0.06649	3786.158	0.0085640
0.07112	3785.877	0.0085640
0.07574	3785.578	0.0085640
0.08035	3785.608	0.0085640
0.08497	3780.942	0.0085640
0.08958	3783.066	0.0000000
0.09417	3781.729	0.0000000
0.09876	3780.628	0.0000000
0.10330	3779.671	0.0000000
0.10790	3780.031	0.0000000
0.11250	3781.330	0.0000000
0.11700	3780.153	0.0000000
0.12160	3779.413	0.0000000
0.12620	3778.711	0.0000000
0.13080	3778.041	0.0000000
0.13540	3777.394	0.0000000
0.14000	3776.645	0.0000000
0.14460	3773.180	0.0000000
0.14930	3775.572	0.0000000
0.15380	3774.592	0.0000000
0.15850	3774.362	0.0000000
0.16310	3774.715	0.0000000
0.16760	3774.059	0.0000000
0.17220	3773.286	0.0000000
0.17690	3772.678	0.0000000
0.18150	3772.357	0.0000000
0.18610	3772.057	0.0000000
0.19070	3771.788	0.0000000
0.19530	3771.842	0.0000000
0.19990	3771.668	0.0000000
0.20450	3772.425	0.0000000
0.20910	3773.606	0.0000000
0.21370	3772.883	0.0000000
0.21840	3773.100	0.0000000
0.22300	3775.354	0.0000000
0.22760	3774.764	0.0000000
0.23230	3773.771	0.0000000
0.23690	3771.000	0.0000000
0.24160	3772.727	0.0000000
0.24620	3775.045	0.0000000
0.25080	3772.951	0.0000000
0.25550	3774.911	0.0000000
0.26010	3771.540	0.0000000
0.26470	3774.233	0.0000000
0.26940	3773.030	0.0000000
0.27400	3770.913	0.0000000
0.27870	3771.195	0.0000000
0.28330	3770.444	0.0000000
0.28800	3771.142	0.0000000
0.29260	3770.652	0.0000000
0.29730	3770.705	0.0000000
0.30190	3770.202	0.0000000
0.30660	3771.929	0.0000000
0.31120	3774.106	0.0000000
0.31590	3772.693	0.0000000
0.32060	3773.155	0.0000000
0.32520	3773.108	0.0000000
0.32990	3778.587	0.0000000
0.33460	3777.429	0.0000000
0.33920	3776.393	0.0000000
0.34390	3775.425	0.0000000
0.34850	3774.278	0.0000000
0.35320	3775.480	0.0092419
0.35780	3771.672	0.0053278
0.36250	3770.257	0.0045942
0.36720	3770.437	0.0041137
0.37180	3771.255	0.0000000
0.37650	3773.270	0.0000000
0.38120	3772.548	0.0030971
0.38580	3774.757	0.0000000
0.39050	3773.270	0.0000000
0.39520	3774.881	0.0000000
0.39980	3773.574	0.0000000
0.40450	3773.004	0.0000000
0.40920	3774.663	0.0000000
0.41380	3774.289	0.0000000
0.41850	3779.769	0.0000000
0.42320	3778.547	0.0000000
0.42790	3777.074	0.0000000
0.43260	3775.793	0.0000000
0.43720	3771.508	0.0000000
0.44190	3772.365	0.0000000
0.44660	3773.552	0.0000000
0.45130	3774.876	0.0000000
0.45600	3774.188	0.0000000
0.46060	3773.667	0.0000000
0.46530	3774.570	0.0000000
0.47000	3774.051	0.0000000
0.47470	3773.741	0.0000000
0.47940	3771.992	0.0000000
0.48410	3773.048	0.0000000
0.48880	3775.144	0.0000000
0.49350	3772.718	0.0000000
0.49820	3778.338	0.0000000
0.50290	3777.747	0.0000000
0.50760	3776.763	0.0000000
0.51230	3780.960	0.0000000
0.51700	3779.374	0.0000000
0.52170	3777.936	0.0000000
0.52640	3776.156	0.0000000
0.53120	3775.921	0.0000000
0.53590	3775.902	0.0000000
0.54060	3775.386	0.0000000
0.54530	3773.495	0.0000000
0.55000	3775.952	0.0000000
0.55470	3773.840	0.0000000
0.55940	3774.017	0.0000000
0.56410	3774.882	0.0000000
0.56880	3774.638	0.0000000
0.57360	3775.608	0.0000000
0.57830	3775.461	0.0000000
0.58300	3775.638	0.0000000
0.58770	3775.254	0.0000000
0.59250	3780.520	0.0000000
0.59720	3779.472	0.0000000
0.60190	3778.492	0.0000000
0.60660	3781.603	0.0000000
0.61140	3776.682	0.0000000
0.61610	3775.319	0.0000000
0.62090	3776.632	0.0000000
0.62570	3775.501	0.0000000
0.63040	3776.471	0.0000000
0.63520	3776.168	0.0000000
0.64000	3777.970	0.0000000
0.64480	3774.755	0.0000000
0.64960	3775.459	0.0000000
0.65440	3776.852	0.0000000
0.65920	3777.593	0.0000000
0.66400	3777.786	0.0000000
0.66880	3778.093	0.0000000
0.67370	3777.727	0.0000000
0.67850	3777.304	0.0000000
0.68330	3776.950	0.0000000
0.68820	3781.920	0.0000000
0.69310	3780.565	0.0000000
0.69790	3777.808	0.0000000
0.70280	3777.280	0.0000000
0.70770	3776.818	0.0000000
0.71260	3776.502	0.0000000
0.71750	3777.664	0.0000000
0.72240	3778.237	0.0000000
0.72720	3777.533	0.0000000
0.73210	3777.184	0.0000000
0.73700	3776.838	0.0000000
0.74190	3778.388	0.0000000
0.74680	3777.931	0.0000000
0.75180	3780.645	0.0000000
0.75670	3779.125	0.0000000
0.76160	3780.639	0.0000000
0.76650	3779.969	0.0000000
0.77150	3779.364	0.0000000
0.77640	3778.755	0.0000000
0.78140	3778.140	0.0000000
0.78630	3781.696	0.0000000
0.79130	3778.837	0.0000000
0.79630	3779.103	0.0000000
0.80120	3778.589	0.0000000
0.80620	3778.196	0.0000000
0.81120	3777.705	0.0000000
0.81610	3779.795	0.0000000
0.82110	3779.287	0.0000000
0.82610	3779.680	0.0000000
0.83110	3778.820	0.0000000
0.83610	3777.677	0.0000000
0.84110	3779.701	0.0000000
0.84610	3779.611	0.0000000
0.85110	3780.699	0.0000000
0.85620	3780.352	0.0000000
0.86120	3781.604	0.0000000
0.86620	3780.877	0.0000000
0.87130	3780.612	0.0000000
0.87630	3780.151	0.0000000
0.88140	3779.611	0.0000000
0.88650	3779.073	0.0000000
0.89150	3778.634	0.0000000
0.89660	3781.222	0.0000000
0.90170	3780.230	0.0000000
0.90670	3780.213	0.0000000
0.91180	3778.242	0.0000000
0.91690	3780.452	0.0000000
0.92200	3781.086	0.0000000
0.92700	3780.919	0.0000000
0.93210	3780.058	0.0000000
0.93720	3779.958	0.0000000
0.94230	3779.745	0.0000000
0.94740	3780.735	0.0000000
0.95250	3781.208	0.0000000
0.95760	3781.822	0.0000000
0.96270	3782.815	0.0000000
0.96780	3781.891	0.0000000
0.97290	3781.029	0.0000000
0.97810	3782.647	0.0000000
0.98320	3781.514	0.0000000
0.98840	3781.054	0.0000000
0.99360	3779.813	0.0000000
0.99870	3777.864	0.0000000
1.00400	3779.637	0.0000000
1.00900	3780.856	0.0000000
1.01400	3781.431	0.0000000
1.01900	3782.058	0.0000000
1.02500	3779.587	0.0000000
1.03000	3781.115	0.0000000
1.03500	3781.066	0.0000000
1.04000	3782.985	0.0000000
1.04600	3781.834	0.0000000
1.05100	3781.416	0.0000000
1.05600	3781.347	0.0000000
1.06100	3782.520	0.0000000
1.06700	3783.982	0.0000000
1.07200	3783.308	0.0000000
1.07700	3782.133	0.0000000
1.08200	3781.042	0.0000000
1.08800	3780.662	0.0000000
1.09300	3782.261	0.0000000
1.09800	3780.925	0.0000000
1.10400	3780.120	0.0000000
1.10900	3781.604	0.0000000
1.11400	3781.956	0.0000000
1.12000	3781.130	0.0000000
1.12500	3781.046	0.0000000
1.13000	3782.795	0.0000000
1.13600	3782.281	0.0000000
1.14100	3782.469	0.0000000
1.14600	3781.255	0.0000000
1.15200	3783.050	0.0000000
1.15700	3783.753	0.0000000
1.16300	3783.191	0.0000000
1.16800	3781.935	0.0000000
1.17300	3782.200	0.0000000
1.17900	3782.037	0.0000000
1.18400	3782.939	0.0000000
1.19000	3782.364	0.0000000
1.19500	3783.814	0.0000000
1.20100	3783.165	0.0000000
1.20600	3781.361	0.0000000
1.21200	3781.547	0.0000000
1.21700	3782.098	0.0000000
1.22300	3783.116	0.0000000
1.22800	3782.694	0.0000000
1.23400	3782.445	0.0000000
1.23900	3781.050	0.0000000
1.24500	3783.579	0.0000000
1.25000	3783.082	0.0000000
1.25600	3784.185	0.0000000
1.26100	3782.216	0.0000000
1.26700	3782.971	0.0000000
1.27200	3781.697	0.0000000
1.27800	3781.678	0.0000000
1.28300	3781.636	0.0000000
1.28900	3781.485	0.0000000
1.29500	3782.868	0.0000000
1.30000	3782.770	0.0000000
1.30600	3783.803	0.0000000
1.31100	3783.274	0.0000000
1.31700	3783.447	0.0000000
1.32300	3783.821	0.0000000
1.32800	3783.468	0.0000000
1.33400	3783.216	0.0000000
1.33900	3783.135	0.0000000
1.34500	3782.777	0.0000000
1.35100	3783.166	0.0000000
1.35600	3783.619	0.0000000
1.36200	3783.163	0.0000000
1.36800	3782.284	0.0000000
1.37300	3782.677	0.0000000
1.37900	3782.799	0.0000000
1.38500	3782.255	0.0000000
1.39000	3784.155	0.0000000
1.39600	3784.410	0.0000000
1.40200	3783.262	0.0000000
1.40700	3784.244	0.0073350
1.41300	3783.886	0.0032936
1.41900	3783.225	0.0000000
1.42500	3784.577	0.0000000
1.43000	3782.887	0.0000000
1.43600	3784.003	0.0000000
1.44200	3783.899	0.0000000
1.44800	3783.474	0.0000000
1.45400	3783.743	0.0000000
1.45900	3786.186	0.0000000
1.46500	3784.392	0.0000000
1.47100	3783.069	0.0000000
1.47700	3783.032	0.0000000
1.48300	3783.985	0.0000000
1.48900	3785.377	0.0000000
1.49500	3784.949	0.0000000
1.50100	3784.652	0.0000000
1.50600	3785.370	0.0000000
1.51200	3784.970	0.0047337
1.51800	3784.099	0.0000000
1.52400	3784.011	0.0000000
1.53000	3783.887	0.0000000
1.53600	3784.781	0.0000000
1.54200	3784.593	0.0000000
1.54800	3784.453	0.0000000
1.55400	3783.973	0.0000000
1.56000	3786.274	0.0000000
1.56600	3787.361	0.0000000
1.57200	3783.711	0.0000000
1.57800	3784.305	0.0000000
1.58400	3784.033	0.0000000
1.59000	3784.617	0.0000000
1.59600	3785.458	0.0000000
1.60200	3784.597	0.0000000
1.60800	3785.125	0.0000000
1.61500	3786.429	0.0000000
1.62100	3785.877	0.0055031
1.62700	3785.463	0.0000000
1.63300	3785.149	0.0000000
1.63900	3785.334	0.0000000
1.64500	3785.294	0.0000000
1.65100	3785.185	0.0000000
1.65700	3785.190	0.0000000
1.66300	3784.668	0.0000000
1.66900	3786.995	0.0000000
1.67500	3787.064	0.0000000
1.68100	3784.543	0.0000000
1.68700	3784.215	0.0000000
1.69400	3784.197	0.0000000
1.70000	3784.946	0.0000000
1.70600	3785.806	0.0000000
1.71200	3785.337	0.0000000
1.71800	3785.977	0.0000000
1.72400	3786.120	0.0000000
1.73000	3787.594	0.0053323
1.73600	3786.874	0.0000000
1.74300	3786.304	0.0000000
1.74900	3785.878	0.0000000
1.75500	3784.794	0.0000000
1.76100	3785.822	0.0000000
1.76700	3785.690	0.0000000
1.77300	3784.969	0.0000000
1.78000	3786.302	0.0000000
1.78600	3787.218	0.0000000
1.79200	3786.386	0.0000000
1.79800	3786.191	0.0000000
1.80400	3785.500	0.0000000
1.81100	3784.835	0.0000000
1.81700	3785.292	0.0000000
1.82300	3785.006	0.0083043
1.82900	3785.788	0.0088706
1.83600	3785.654	0.0093373
1.84200	3788.767	0.0089737
1.84800	3787.853	0.0145538
1.85400	3787.123	0.0036647
1.86100	3788.083	0.0104950
1.86700	3787.056	0.0100221
1.87300	3785.636	0.0084425
1.88000	3785.563	0.0067674
1.88600	3785.750	0.0064278
1.89200	3785.983	0.0000000
1.89900	3786.716	0.0000000
1.90500	3786.201	0.0000000
1.91100	3787.108	0.0000000
1.91800	3784.661	0.0000000
1.92400	3785.070	0.0043847
1.93100	3785.344	0.0115476
1.93700	3785.084	0.0113005
1.94300	3785.519	0.0103917
1.95000	3785.281	0.0099484
1.95600	3786.778	0.0094698
1.96300	3786.832	0.0042347
1.96900	3787.080	0.0104358
1.97600	3786.337	0.0096986
1.98200	3785.770	0.0091320
1.98900	3788.148	0.0071271
1.99500	3790.305	0.0066255
2.00200	3789.189	0.0061123
2.00800	3788.325	0.0000000
2.01400	3787.606	0.0000000
2.02100	3787.080	0.0000000
2.02700	3786.573	0.0000000
2.03400	3786.975	0.0000000
2.04100	3786.337	0.0067646
2.04700	3785.122	0.0092072
2.05400	3785.891	0.0086985
2.06000	3785.954	0.0083863
2.06700	3785.756	0.0077027
2.07300	3786.038	0.0071065
2.08000	3785.919	0.0069421
2.08600	3786.592	0.0061405
2.09300	3785.799	0.0052943
2.09900	3785.752	0.0042366
2.10600	3786.854	0.0020840
2.11300	3785.208	0.0016101
2.11900	3786.266	0.0051793
2.12600	3787.920	0.0105924
2.13200	3786.055	0.0078146
2.13900	3788.382	0.0091297
2.14500	3787.891	0.0112821
2.15200	3788.359	0.0112821
2.15900	3789.815	0.0079659
2.16500	3788.913	0.0139971
2.17200	3788.143	0.0101177
2.17800	3787.504	0.0075393
2.18500	3786.739	0.0059552
2.19200	3786.741	0.0112945
2.19800	3786.457	0.0084372
2.20500	3787.333	0.0037137
2.21200	3787.009	0.0022445
2.21800	3786.769	0.0010854
2.22500	3786.898	0.0010854
2.23200	3787.270	0.0010854
2.23800	3787.061	0.0065202
2.24500	3786.893	0.0024883
2.25200	3786.846	0.0047503
2.25800	3787.098	0.0040829
2.26500	3787.033	0.0051602
2.27200	3786.295	0.0067840
2.27900	3788.056	0.0130385
2.28500	3788.228	0.0090753
2.29200	3788.096	0.0087412
2.29900	3789.546	0.0082960
2.30600	3788.879	0.0065807
2.31200	3788.390	0.0058083
2.31900	3787.894	0.0086266
2.32600	3788.450	0.0036676
2.33300	3787.313	0.0022417
2.34000	3788.835	0.0011413
2.34600	3787.514	0.0011413
2.35300	3787.444	0.0000000
2.36000	3787.858	0.0000000
2.36700	3788.262	0.0000000
2.37400	3788.002	0.0069108
2.38100	3787.736	0.0028380
2.38700	3788.473	0.0021988
2.39400	3788.164	0.0049677
2.40100	3788.460	0.0034585
2.40800	3788.229	0.0111415
2.41500	3788.047	0.0065922
2.42200	3787.469	0.0113652
2.42900	3788.088	0.0063150
2.43600	3788.407	0.0060043
2.44200	3788.424	0.0050172
2.44900	3788.504	0.0070012
2.45600	3788.402	0.0021898
2.46300	3788.292	0.0005839
2.47000	3789.763	0.0000000
2.47700	3789.148	0.0000000
2.48400	3788.510	0.0000000
2.49100	3788.579	0.0000000
2.49800	3789.419	0.0000000
2.50500	3788.188	0.0000000
2.51200	3788.004	0.0000000
2.51800	3787.879	0.0000000
2.52500	3787.810	0.0051623
2.53200	3788.543	0.0042266
2.53900	3788.439	0.0096491
2.54600	3788.690	0.0059372
2.55300	3789.180	0.0053700
2.56000	3789.096	0.0124242
2.56700	3788.771	0.0101728
2.57400	3790.161	0.0041478
2.58100	3788.935	0.0068859
2.58800	3788.437	0.0040825
2.59500	3788.341	0.0028570
2.60200	3788.873	0.0010999
2.61000	3788.677	0.0000000
2.61700	3789.011	0.0000000
2.62400	3788.773	0.0030217
2.63100	3787.597	0.0000000
2.63800	3788.448	0.0000000
2.64500	3789.176	0.0000000
2.65200	3788.807	0.0000000
2.65900	3788.425	0.0000000
2.66600	3788.580	0.0000000
2.67300	3788.315	0.0000000
2.68000	3788.256	0.0047772
2.68800	3787.813	0.0041729
2.69500	3788.602	0.0052801
2.70200	3789.331	0.0049665
2.70900	3789.406	0.0096806
2.71600	3789.919	0.0067993
2.72300	3790.164	0.0064608
2.73000	3790.528	0.0037141
2.73700	3790.912	0.0011574
2.74500	3789.090	0.0000000
2.75200	3788.919	0.0000000
2.75900	3788.784	0.0000000
2.76600	3788.694	0.0000000
2.77300	3788.862	0.0000000
2.78000	3790.695	0.0000000
2.78700	3789.182	0.0000000
2.79500	3788.490	0.0000000
2.80200	3787.957	0.0000000
2.80900	3788.807	0.0000000
2.81600	3788.287	0.0000000
2.82300	3788.307	0.0000000
2.83100	3789.112	0.0066389
2.83800	3789.082	0.0000000
2.84500	3788.140	0.0040666
2.85200	3788.876	0.0030421
2.85900	3789.514	0.0095042
2.86600	3790.387	0.0056480
2.87400	3790.735	0.0088962
2.88100	3788.780	0.0035354
2.88800	3788.813	0.0007662
2.89500	3790.144	0.0000000
2.90200	3789.878	0.0000000
2.90900	3789.448	0.0000000
2.91700	3789.796	0.0000000
2.92400	3789.577	0.0000000
2.93100	3789.346	0.0015627
2.93800	3789.530	0.0062461
2.94600	3790.016	0.0000000
2.95300	3789.887	0.0000000
2.96000	3789.893	0.0000000
2.96700	3789.285	0.0000000
2.97400	3788.949	0.0000000
2.98100	3789.464	0.0000000
2.98900	3789.139	0.0000000
2.99600	3789.219	0.0000000
3.00300	3789.286	0.0000000
3.01000	3789.631	0.0045912
3.01700	3789.776	0.0068411
3.02500	3790.962	0.0079749
3.03200	3790.142	0.0048173
3.03900	3790.516	0.0030999
3.04600	3789.123	0.0061332
3.05300	3789.604	0.0041939
3.06100	3789.493	0.0000000
3.06800	3789.924	0.0000000
3.07500	3789.778	0.0000000
3.08300	3790.275	0.0000000
3.09000	3790.088	0.0000000
3.09700	3789.338	0.0000000
3.10500	3789.321	0.0000000
3.11200	3789.979	0.0000000
3.11900	3790.079	0.0000000
3.12700	3790.299	0.0000000
3.13400	3790.143	0.0085590
3.14100	3790.659	0.0025166
3.14900	3790.564	0.0019665
3.15600	3790.907	0.0057299
3.16300	3790.566	0.0025775
3.17100	3791.285	0.0061609
3.17800	3791.273	0.0062039
3.18600	3790.686	0.0044796
3.19300	3791.328	0.0034278
3.20000	3791.212	0.0022756
3.20800	3791.063	0.0008103
3.21500	3791.710	0.0000000
3.22300	3790.528	0.0000000
3.23000	3790.365	0.0000000
3.23800	3790.239	0.0000000
3.24500	3789.889	0.0000000
3.25300	3790.622	0.0000000
3.26000	3790.295	0.0000000
3.26800	3790.173	0.0000000
3.27500	3790.103	0.0000000
3.28300	3790.105	0.0000000
3.29000	3790.119	0.0000000
3.29800	3790.052	0.0147131
3.30500	3790.142	0.0041001
3.31300	3791.897	0.0018315
3.32000	3791.640	0.0063462
3.32800	3790.616	0.0027937
3.33500	3790.188	0.0022911
3.34300	3791.238	0.0013922
3.35000	3791.928	0.0051864
3.35800	3791.231	0.0039711
3.36500	3791.267	0.0029353
3.37300	3790.680	0.0015429
3.38100	3791.544	0.0015429
3.38800	3791.578	0.0000000
3.39600	3792.502	0.0000000
3.40300	3792.113	0.0000000
3.41100	3791.917	0.0000000
3.41800	3791.747	0.0000000
3.42600	3791.553	0.0000000
3.43400	3790.356	0.0042568
3.44100	3791.721	0.0000000
3.44900	3791.020	0.0000000
3.45600	3790.368	0.0000000
3.46400	3790.224	0.0000000
3.47200	3790.818	0.0090002
3.47900	3792.105	0.0022346
3.48700	3791.700	0.0002271
3.49400	3791.454	0.0071387
3.50200	3791.217	0.0029925
3.51000	3791.658	0.0016755
3.51700	3791.429	0.0007041
3.52500	3791.302	0.0003905
3.53300	3791.282	0.0067917
3.54000	3791.337	0.0046064
3.54800	3791.276	0.0033276
3.55600	3791.342	0.0019322
3.56300	3791.285	0.0005778
3.57100	3791.568	0.0000000
3.57900	3791.997	0.0000000
3.58700	3792.047	0.0000000
3.59400	3793.002	0.0000000
3.60200	3791.968	0.0000000
3.61000	3792.699	0.0000000
3.61700	3792.517	0.0000000
3.62500	3792.368	0.0000000
3.63300	3791.447	0.0000000
3.64000	3792.003	0.0000000
3.64800	3792.732	0.0000000
3.65600	3792.801	0.0064883
3.66400	3790.715	0.0000000
3.67100	3790.835	0.0000000
3.67900	3790.931	0.0000000
3.68700	3791.082	0.0000000
3.69400	3790.752	0.0000000
3.70200	3791.668	0.0101564
3.71000	3791.104	0.0041904
3.71700	3792.446	0.0007398
3.72500	3792.386	0.0056142
3.73300	3792.337	0.0031715
3.74000	3792.272	0.0015539
3.74800	3791.005	0.0015539
3.75600	3790.959	0.0015539
3.76400	3791.780	0.0066230
3.77100	3792.278	0.0035801
3.77900	3792.331	0.0000000
3.78700	3792.651	0.0000000
3.79500	3792.637	0.0000000
3.80200	3791.845	0.0000000
3.81000	3791.953	0.0000000
3.81800	3791.177	0.0000000
3.82600	3792.398	0.0043633
3.83300	3791.701	0.0121458
3.84100	3792.297	0.0069288
3.84900	3791.690	0.0101141
3.85700	3791.883	0.0072413
3.86500	3792.168	0.0021278
3.87200	3792.119	0.0004945
3.88000	3791.811	0.0000000
3.88800	3791.393	0.0000000
3.89600	3791.598	0.0000000
3.90400	3791.769	0.0000000
3.91200	3792.590	0.0095152
3.91900	3791.984	0.0056328
3.92700	3792.625	0.0028615
3.93500	3792.968	0.0062925
3.94300	3793.042	0.0025834
3.95100	3791.788	0.0025834
3.95900	3791.414	0.0014206
3.96700	3791.386	0.0000000
3.97400	3792.665	0.0000000
3.98200	3792.452	0.0068685
3.99000	3792.406	0.0000000
3.99800	3792.635	0.0000000
4.00600	3792.666	0.0000000
4.01400	3792.684	0.0000000
4.02200	3791.938	0.0000000
4.03000	3792.605	0.0000000
4.03800	3791.268	0.0000000
4.04500	3792.237	0.0008244
4.05300	3792.455	0.0196729
4.06100	3791.890	0.0113703
4.06900	3792.117	0.0066429
4.07700	3792.089	0.0025613
4.08500	3792.269	0.0025613
4.09300	3792.025	0.0019316
4.10100	3792.070	0.0019316
4.10900	3792.225	0.0010373
4.11700	3791.848	0.0010373
4.12500	3791.976	0.0010373
4.13300	3792.332	0.0010373
4.14100	3793.069	0.0186799
4.14900	3792.996	0.0094203
4.15700	3793.656	0.0026568
4.16500	3793.032	0.0046886
4.17300	3792.996	0.0028831
4.18100	3792.406	0.0077317
4.18900	3792.330	0.0077317
4.19700	3792.930	0.0066481
4.20500	3795.108	0.0117738
4.21300	3792.298	0.0117738
4.22100	3793.663	0.0021879
4.22900	3794.027	0.0149819
4.23700	3794.019	0.0073433
4.24500	3794.075	0.0045786
4.25300	3793.342	0.0021735
4.26100	3792.001	0.0021735
4.26900	3793.016	0.0014766
4.27700	3792.588	0.0126737
4.28500	3792.755	0.0075244
4.29300	3792.488	0.0122872
4.30100	3792.310	0.0115615
4.30900	3791.805	0.0052705
4.31700	3792.877	0.0057874
4.32500	3792.829	0.0101730
4.33300	3792.795	0.0063218
4.34100	3792.785	0.0050124
4.34900	3792.476	0.0045761
4.35700	3792.462	0.0041010
4.36500	3793.335	0.0180013
4.37400	3792.849	0.0146769
4.38200	3792.768	0.0097114
4.39000	3793.475	0.0052892
4.39800	3793.338	0.0045728
4.40600	3793.230	0.0036028
4.41400	3792.695	0.0032099
4.42200	3792.949	0.0041192
4.43000	3792.835	0.0041192
4.43800	3792.737	0.0025915
4.44600	3793.048	0.0074008
4.45400	3792.979	0.0027728
4.46200	3793.422	0.0023872
4.47000	3793.187	0.0048380
4.47800	3793.180	0.0024565
4.48600	3792.945	0.0048615
4.49400	3792.154	0.0031453
4.50200	3792.203	0.0031453
4.51000	3792.835	0.0021549
4.51800	3792.745	0.0005905
4.52600	3792.015	0.0000000
4.53400	3792.610	0.0000000
4.54200	3792.353	0.0105099
4.55000	3792.672	0.0052204
4.55800	3793.141	0.0000000
4.56600	3793.053	0.0000000
4.57400	3792.915	0.0000000
4.58200	3792.900	0.0000000
4.59000	3792.890	0.0000000
4.59900	3792.584	0.0065233
4.60700	3792.667	0.0091729
4.61500	3792.753	0.0038251
4.62300	3793.167	0.0129248
4.63100	3792.841	0.0127662
4.63900	3793.734	0.0053772
4.64700	3793.661	0.0011867
4.65500	3793.597	0.0006541
4.66300	3793.519	0.0031056
4.67100	3792.987	0.0000000
4.68000	3793.024	0.0000000
4.68800	3792.982	0.0000000
4.69600	3792.942	0.0000000
4.70400	3792.914	0.0073433
4.71200	3793.008	0.0028193
4.72000	3793.462	0.0053557
4.72800	3793.422	0.0036810
4.73600	3793.224	0.0052682
4.74400	3792.454	0.0044108
4.75300	3792.372	0.0011170
4.76100	3792.309	0.0011170
4.76900	3792.235	0.0000000
4.77700	3793.018	0.0000000
4.78500	3792.932	0.0000000
4.79300	3792.865	0.0105363
4.80100	3792.776	0.0046161
4.80900	3793.374	0.0006594
4.81800	3793.128	0.0032644
4.82600	3792.940	0.0009385
4.83400	3793.414	0.0000000
4.84200	3793.242	0.0000000
4.85000	3793.125	0.0082293
4.85900	3793.051	0.0108088
4.86700	3793.009	0.0020642
4.87500	3793.475	0.0004935
4.88300	3793.555	0.0000000
4.89200	3793.411	0.0000000
4.90000	3793.298	0.0000000
4.90800	3794.091	0.0000000
4.91600	3793.777	0.0000000
4.92500	3793.615	0.0000000
4.93300	3793.493	0.0000000
4.94100	3792.890	0.0000000
4.94900	3792.851	0.0000000
4.95800	3792.879	0.0000000
4.96600	3793.635	0.0000000
4.97400	3793.391	0.0055471
4.98200	3793.206	0.0030350
4.99100	3793.276	0.0155059
4.99900	3793.053	0.0077969
5.00700	3793.266	0.0170054
5.01600	3793.026	0.0256201
5.02400	3793.021	0.0202257
5.03200	3792.998	0.0178626
5.04100	3793.263	0.0167989
5.04900	3792.941	0.0085655
5.05800	3793.787	0.0060884
5.06600	3793.298	0.0103723
5.07400	3793.347	0.0259567
5.08300	3793.319	0.0133774
5.09100	3793.338	0.0037564
5.09900	3793.479	0.0028151
5.10800	3793.615	0.0006854
5.11600	3793.478	0.0066293
5.12500	3793.118	0.0021013
5.13300	3792.975	0.0000000
5.14100	3792.901	0.0000000
5.15000	3793.434	0.0000000
5.15800	3792.897	0.0000000
5.16700	3793.384	0.0022450
5.17500	3793.281	0.0002867
5.18300	3794.180	0.0002867
5.19200	3794.043	0.0002867
5.20000	3793.946	0.0082091
5.20900	3793.879	0.0032776
5.21700	3793.838	0.0022248
5.22500	3793.757	0.0162640
5.23400	3793.486	0.0076961
5.24200	3793.500	0.0147621
5.25000	3793.534	0.0159147
5.25900	3793.536	0.0245436
5.26700	3793.559	0.0170841
5.27600	3793.720	0.0271993
5.28400	3794.139	0.0221162
5.29200	3793.918	0.0238868
5.30100	3793.357	0.0208285
5.30900	3793.292	0.0201562
5.31700	3793.411	0.0129102
5.32600	3793.943	0.0126386
5.33400	3793.968	0.0060615
5.34200	3794.137	0.0056330
5.35100	3793.982	0.0014820
5.35900	3794.056	0.0010332
5.36800	3794.035	0.0092398
5.37600	3793.630	0.0064315
5.38400	3793.721	0.0024474
5.39300	3793.569	0.0039342
5.40100	3793.661	0.0006240
5.40900	3793.448	0.0006240
5.41800	3793.376	0.0006240
5.42600	3793.403	0.0006240
5.43500	3794.029	0.0006240
5.44300	3793.416	0.0036489
5.45100	3793.413	0.0006240
5.46000	3793.424	0.0006240
5.46800	3793.861	0.0006240
5.47600	3793.881	0.0202351
5.48500	3793.905	0.0100040
5.49300	3794.547	0.0079442
5.50100	3794.411	0.0198631
5.51000	3794.329	0.0196978
5.51800	3794.279	0.0264091
5.52600	3794.262	0.0219770
5.53500	3794.262	0.0293047
5.54300	3794.710	0.0241320
5.55200	3793.608	0.0365136
5.56000	3793.654	0.0266827
5.56900	3794.069	0.0213012
5.57700	3794.034	0.0189149
5.58500	3794.739	0.0061520
5.59400	3794.390	0.0036244
5.60200	3794.213	0.0016385
5.61100	3794.242	0.0008903
5.61900	3794.201	0.0008903
5.62800	3794.131	0.0008903
5.63600	3794.321	0.0008903
5.64500	3794.194	0.0021623
5.65300	3794.050	0.0134438
5.66200	3794.148	0.0089000
5.67000	3794.049	0.0074922
5.67900	3794.010	0.0265519
5.68700	3793.991	0.0308425
5.69600	3794.007	0.0405803
5.70400	3794.048	0.0172856
5.71300	3794.103	0.0185055
5.72100	3794.662	0.0007421
5.73000	3794.513	0.0007421
5.73800	3794.406	0.0007421
5.74700	3794.330	0.0202956
5.75500	3794.387	0.0104002
5.76400	3794.258	0.0130603
5.77300	3794.320	0.0214357
5.78100	3794.310	0.0278596
5.79000	3794.856	0.0285752
5.79800	3794.744	0.0342837
5.80700	3794.704	0.0315809
5.81500	3794.700	0.0367369
5.82400	3794.702	0.0442530
5.83200	3794.996	0.0446731
5.84100	3795.251	0.0321698
5.85000	3795.091	0.0280438
5.85800	3795.164	0.0270074
5.86700	3794.827	0.0203481
5.87500	3794.857	0.0155025
5.88400	3794.868	0.0149225
5.89300	3794.600	0.0156286
5.90100	3794.778	0.0135328
5.91000	3795.169	0.0148415
5.91800	3794.984	0.0127432
5.92700	3794.963	0.0105383
5.93600	3794.739	0.0140282
5.94400	3794.378	0.0135747
5.95300	3794.204	0.0091574
5.96100	3794.342	0.0208418
5.97000	3794.451	0.0094899
5.97900	3794.552	0.0249272
5.98700	3794.615	0.0139588
5.99600	3794.645	0.0130970
6.00400	3794.657	0.0201750
6.01300	3794.657	0.0140492
6.02200	3794.948	0.0199528
6.03000	3794.911	0.0347733
6.03900	3794.912	0.0304835
6.04700	3794.932	0.0297314
6.05600	3794.747	0.0393167
6.06500	3794.794	0.0409710
6.07300	3794.852	0.0339016
6.08200	3795.051	0.0388243
6.09000	3795.740	0.0307933
6.09900	3795.592	0.0351618
6.10800	3796.158	0.0361911
6.11600	3796.285	0.0323992
6.12500	3796.405	0.0353871
6.13300	3796.478	0.0334092
6.14200	3796.572	0.0306314
6.15100	3796.673	0.0264156
6.15900	3795.580	0.0324300
6.16800	3795.992	0.0268831
6.17700	3796.533	0.0335346
6.18500	3796.950	0.0309743
6.19400	3797.550	0.0286629
6.20300	3797.636	0.0371583
6.21100	3797.971	0.0306067
6.22000	3798.689	0.0347268
6.22800	3798.828	0.0294523
6.23700	3798.460	0.0526510
6.24600	3798.773	0.0457308
6.25400	3799.012	0.0422898
6.26300	3799.199	0.0511339
6.27200	3799.330	0.0494591
6.28000	3799.439	0.0348714
6.28900	3799.562	0.0397712
6.29800	3799.154	0.0383693
6.30600	3796.150	0.0321026
6.31500	3796.193	0.0396809
6.32400	3796.688	0.0542238
6.33200	3796.719	0.0494560
6.34100	3796.597	0.0545219
6.35000	3797.103	0.0656632
6.35900	3797.509	0.0723009
6.36700	3797.072	0.0620309
6.37600	3797.146	0.0617409
6.38500	3797.209	0.0655120
6.39400	3797.667	0.0610306
6.40200	3797.938	0.0621271
6.41100	3798.422	0.0682613
6.42000	3798.845	0.0630609
6.42900	3799.216	0.0787202
6.43800	3799.554	0.0711696
6.44600	3800.475	0.0802373
6.45500	3801.001	0.0778210
6.46400	3802.108	0.0740910
6.47300	3802.422	0.0757628
6.48200	3803.486	0.0718152
6.49100	3804.076	0.0754265
6.49900	3805.886	0.0798595
6.50800	3807.001	0.0846060
6.51700	3807.930	0.0767799
6.52600	3808.618	0.0740386
6.53500	3809.209	0.0900857
6.54300	3809.772	0.0788492
6.55200	3810.258	0.0940771
6.56100	3810.714	0.0872336
6.57000	3811.068	0.0903496
6.57900	3811.408	0.0874623
6.58800	3811.732	0.1026761
6.59600	3812.040	0.1007777
6.60500	3810.349	0.1120955
6.61400	3810.753	0.1180928
6.62300	3811.291	0.1117496
6.63200	3811.732	0.0970854
6.64100	3809.769	0.1111548
6.64900	3809.926	0.1072400
6.65800	3810.478	0.1145816
6.66700	3811.123	0.1053824
6.67600	3811.654	0.1115990
6.68500	3799.057	0.1096798
6.69400	3798.663	0.1171333
6.70200	3798.363	0.1608467
6.71100	3798.225	0.1593300
6.72000	3798.139	0.1626004
6.72900	3798.192	0.1681036
6.73800	3798.133	0.1705583
6.74700	3798.042	0.1696756
6.75600	3797.952	0.1753535
6.76400	3797.865	0.1738285
6.77300	3800.065	0.1797738
6.78200	3804.360	0.1826140
6.79100	3807.990	0.1849070
6.80000	3811.565	0.1899617
6.80900	3815.733	0.1919760
6.81700	3818.952	0.1953648
6.82600	3821.498	0.1970470
6.83500	3823.978	0.1998390
6.84400	3826.382	0.2039185
6.85300	3828.336	0.2071957
6.86200	3829.980	0.2127480
6.87100	3831.312	0.2331830
6.87900	3832.489	0.2246843
6.88800	3833.556	0.2292653
6.89700	3835.343	0.2460199
6.90600	3833.770	0.2287723
6.91500	3836.732	0.2298303
6.92400	3839.735	0.2315214
6.93300	3845.519	0.2411936
6.94200	3848.859	0.2346642
6.95000	3845.344	0.2329128
6.95900	3848.407	0.2276408
6.96800	3850.764	0.2334907
6.97700	3851.056	0.2395463
6.98600	3851.465	0.2362875
6.99500	3850.154	0.2331758
7.00400	3843.635	0.2343502
7.01300	3843.086	0.2320625
7.02200	3842.688	0.2317454
7.03100	3842.544	0.2395469
7.03900	3818.544	0.2421708
7.04800	3813.888	0.2422105
7.05700	3813.609	0.2881727
7.06600	3813.316	0.2884513
7.07500	3813.030	0.2762954
7.08400	3812.747	0.2804893
7.09300	3812.471	0.2731619
7.10200	3812.205	0.2662777
7.11100	3811.585	0.2706518
7.12000	3811.342	0.2684706
7.12900	3811.352	0.2629865
7.13800	3811.094	0.2593171
7.14700	3811.703	0.2677214
7.15600	3813.188	0.2727310
7.16500	3814.234	0.2938663
7.17400	3815.110	0.2963778
7.18200	3815.866	0.2892632
7.19100	3816.545	0.3025241
7.20000	3817.190	0.3121891
7.20900	3817.784	0.3218517
7.21800	3816.174	0.3229345
7.22700	3816.817	0.3343213
7.23600	3817.406	0.3493541
7.24500	3817.914	0.3519290
7.25400	3815.927	0.3554210
7.26300	3816.560	0.3704589
7.27200	3817.084	0.3704220
7.28100	3817.528	0.3627136
7.29000	3817.933	0.3754559
7.29900	3818.262	0.3714259
7.30800	3816.452	0.3851888
7.31700	3816.593	0.3785701
7.32600	3816.975	0.3878728
7.33500	3816.580	0.3978467
7.34400	3816.885	0.4020583
7.35300	3817.191	0.4109111
7.36200	3815.137	0.4092721
7.37100	3815.605	0.4249344
7.38000	3816.034	0.4295559
7.38900	3816.400	0.4349401
7.39800	3816.625	0.4451226
7.40700	3816.736	0.4474908
7.41600	3816.788	0.4563829
7.42500	3816.895	0.4653193
7.43400	3816.763	0.4650824
7.44300	3817.494	0.4700537
7.45200	3817.379	0.4788969
7.46100	3817.818	0.4817424
7.47000	3817.045	0.4837961
7.47900	3816.517	0.4950864
7.48800	3815.590	0.5050146
7.49600	3814.982	0.5313284
7.50500	3814.595	0.5235026
7.51500	3814.370	0.5360461
7.52400	3814.207	0.5378585
7.53300	3814.704	0.5395090
7.54200	3815.247	0.5587076
7.55100	3813.466	0.5492857
7.56000	3814.092	0.5717472
7.56900	3814.650	0.5578779
7.57800	3813.454	0.5712338
7.58700	3813.601	0.5802380
7.59600	3814.387	0.5863889
7.60500	3814.403	0.6014830
7.61400	3815.215	0.6238040
7.62300	3814.154	0.6202126
7.63200	3808.155	0.6193128
7.64100	3807.150	0.6512470
7.65000	3806.288	0.6759992
7.65900	3805.616	0.6832638
7.66800	3807.132	0.7104891
7.67700	3808.351	0.7153256
7.68600	3809.569	0.7404936
7.69500	3810.603	0.7404641
7.70400	3811.517	0.7298243
7.71300	3812.401	0.7168788
7.72300	3813.110	0.7357143
7.73200	3813.738	0.7585988
7.74100	3814.309	0.7443830
7.75000	3815.536	0.7506566
7.75900	3817.768	0.7517231
7.76800	3822.003	0.7640962
7.77700	3825.382	0.7684097
7.78600	3828.065	0.7775268
7.79600	3830.382	0.7977742
7.80500	3832.263	0.8252680
7.81400	3832.087	0.8454005
7.82300	3832.829	0.8502636
7.83200	3833.812	0.8524605
7.84100	3832.547	0.8884116
7.85100	3830.881	0.9236344
7.86000	3834.930	0.9318589
7.86900	3834.919	0.9776643
7.87800	3837.465	0.9802516
7.88700	3839.593	1.0190584
7.89600	3841.733	1.0244236
7.90500	3843.682	1.0404426
7.91500	3845.279	1.0733873
7.92400	3846.744	1.0902430
7.93300	3847.837	1.1142254
7.94200	3845.888	1.1512875
7.95100	3855.604	1.1614929
7.96100	3844.142	1.1868049
7.97000	3852.616	1.1493471
7.97900	3854.551	1.1881350
7.98800	3855.376	1.2001223
7.99700	3862.040	1.2167414
8.00600	3860.877	1.2609184
8.01600	3854.060	1.2776561
8.02500	3848.139	1.2273894
8.03400	3843.500	1.2514218
8.04300	3839.975	1.2555114
8.05200	3836.866	1.2758522
8.06200	3834.199	1.2830514
8.07100	3831.524	1.2930780
8.08000	3829.292	1.2950379
8.08900	3827.406	1.3035634
8.09800	3824.795	1.3270064
8.10800	3823.968	1.3392798
8.11700	3822.712	1.3575704
8.12600	3821.716	1.3532626
8.13500	3820.312	1.3627308
8.14400	3819.440	1.3540721
8.15400	3819.259	1.3498942
8.16300	3819.555	1.3467835
8.17200	3819.373	1.3801329
8.18100	3819.261	1.3640343
8.19000	3817.178	1.3751857
8.20000	3816.626	1.3761222
8.20900	3815.632	1.3986595
8.21800	3815.088	1.4046239
8.22700	3814.568	1.4341021
8.23600	3814.020	1.4540362
8.24500	3813.574	1.4631401
8.25500	3813.294	1.4852503
8.26400	3813.352	1.5039793
8.27300	3814.831	1.5460677
8.28200	3814.471	1.5671957
8.29200	3813.337	1.5615279
8.30100	3813.371	1.5812115
8.31000	3813.374	1.6009460
8.31900	3813.085	1.6163193
8.32800	3812.925	1.6340801
8.33800	3812.813	1.6459210
8.34700	3813.457	1.6625590
8.35600	3812.218	1.6811260
8.36500	3811.749	1.6943762
8.37400	3811.361	1.7275349
8.38400	3811.092	1.7511488
8.39300	3810.889	1.7831034
8.40200	3810.687	1.7980831
8.41100	3810.432	1.8328673
8.42100	3809.169	1.8538362
8.43000	3808.998	1.8755162
8.43900	3808.790	1.8985985
8.44800	3808.657	1.9323742
8.45800	3808.624	1.9449718
8.46700	3808.516	1.9666090
8.47600	3808.348	1.9952138
8.48500	3808.239	2.0274224
8.49500	3808.030	2.0521866
8.50400	3807.842	2.1117795
8.51300	3807.715	2.1592977
8.52200	3807.700	2.1961709
8.53100	3808.045	2.2215357
8.54100	3808.433	2.2614968
8.55000	3808.705	2.2928162
8.55900	3808.879	2.3244878
8.56800	3809.092	2.3705614
8.57700	3809.432	2.4007615
8.58700	3807.014	2.4247444
8.59600	3806.763	2.4589084
8.60500	3806.438	2.5213411
8.61400	3806.181	2.5613783
8.62400	3805.995	2.6129097
8.63300	3805.960	2.6627504
8.64200	3805.937	2.7147927
8.65100	3805.821	2.7578055
8.66000	3805.732	2.8147886
8.66900	3805.640	2.8628557
8.67900	3805.582	2.9198654
8.68800	3805.534	2.9771008
8.69700	3805.402	3.0233092
8.70600	3805.293	3.0638798
8.71500	3805.176	3.1078763
8.72500	3804.972	3.1514044
8.73400	3804.776	3.1960970
8.74300	3804.603	3.2384351
8.75200	3803.041	3.2985498
8.76100	3802.805	3.3370060
8.77000	3802.565	3.3900330
8.78000	3802.311	3.4307392
8.78900	3803.713	3.4674988
8.79800	3803.621	3.5206509
8.80700	3803.629	3.5631049
8.81600	3803.638	3.6011446
8.82600	3803.687	3.6556717
8.83500	3803.681	3.6981032
8.84400	3803.697	3.7430926
8.85300	3803.841	3.7816613
8.86300	3801.896	3.8247074
8.87200	3801.811	3.8822819
8.88100	3801.800	3.9201319
8.89000	3805.636	3.9609770
8.90000	3805.552	4.0019301
8.90900	3805.515	4.0431585
8.91800	3802.635	4.0772241
8.92700	3802.870	4.1187308
8.93700	3802.865	4.1639396
8.94600	3802.851	4.2084096
8.95500	3802.835	4.2362971
8.96400	3801.004	4.2866205
8.97400	3803.540	4.3216658
8.98300	3803.523	4.3630330
8.99200	3803.514	4.4079754
9.00100	3803.515	4.4473095
9.01100	3806.017	4.4879467
9.02000	3803.217	4.5186110
9.02900	3803.153	4.5655158
9.03900	3803.049	4.6153768
9.04800	3802.950	4.6626485
9.05700	3802.867	4.7010148
9.06600	3802.800	4.7445368
9.07600	3802.738	4.7944396
9.08500	3802.686	4.8331308
9.09400	3798.994	4.8884842
9.10300	3798.906	4.9288779
9.11300	3798.851	4.9959787
9.12200	3798.834	5.0384685
9.13100	3798.724	5.0840403
9.14000	3798.802	5.1278073
9.15000	3798.631	5.1754102
9.15900	3798.728	5.2660292
9.16800	3798.577	5.3164884
9.17800	3798.694	5.3695495
9.18700	3798.553	5.4314276
9.19600	3798.646	5.4874314
9.20500	3798.661	5.5448715
9.21500	3798.675	5.5920364
9.22400	3798.664	5.6500950
9.23300	3798.639	5.6919582
9.24300	3798.645	5.7413282
9.25200	3798.629	5.7876905
9.26100	3798.779	5.8374681
9.27000	3798.745	5.8824213
9.28000	3798.748	5.9487258
9.28900	3795.435	5.9970331
9.29800	3795.465	6.0498360
9.30800	3795.505	6.1522026
9.31700	3795.743	6.2171635
9.32600	3795.707	6.2764726
9.33600	3798.330	6.3540519
9.34500	3798.406	6.4109834
9.35400	3798.374	6.4644307
9.36400	3798.907	6.5241286
9.37300	3798.908	6.5750313
9.38200	3798.899	6.6341335
9.39200	3798.896	6.6891889
9.40100	3798.894	6.7720079
9.41000	3798.890	6.8382151
9.42000	3798.891	6.9038245
9.42900	3798.890	7.0001968
9.43800	3798.899	7.0706760
9.44800	3798.911	7.1545563
9.45700	3798.928	7.2422085
9.46600	3798.945	7.3255155
9.47600	3798.960	7.3998252
9.48500	3799.038	7.4734198
9.49500	3799.071	7.6202061
9.50400	3799.076	7.6913456
9.51300	3799.109	7.7575773
9.52300	3799.130	7.8102471
9.53200	3799.153	7.8577101
9.54200	3799.249	7.9189145
9.55100	3799.338	8.0771660
9.56000	3799.397	8.1460046
9.57000	3799.473	8.2109373
9.57900	3799.441	8.3096236
9.58900	3799.524	8.3790141
9.59800	3796.132	8.5606841
9.60700	3797.808	8.6425193
9.61700	3796.800	8.7243776
9.62600	3796.919	8.7872181
9.63500	3796.911	8.8351398
9.64500	3796.764	8.9247946
9.65400	3797.223	9.0052770
9.66400	3795.529	9.0655993
9.67300	3795.555	9.1233978
9.68200	3797.648	9.1677980
9.69200	3797.989	9.2288023
9.70100	3798.030	9.2445139
9.71000	3798.047	9.2920253
9.72000	3796.800	9.3398445
9.72900	3796.917	9.3868562
9.73900	3796.808	9.4247192
9.74800	3799.695	9.4633871
9.75700	3799.766	9.5125706
9.76700	3798.378	9.6935909
9.77600	3798.475	9.7593268
9.78500	3798.497	9.8662844
9.79500	3798.519	9.9634517
9.80400	3798.552	10.0165809
9.81300	3798.572	10.0857814
9.82300	3798.604	10.1333692
9.83200	3798.629	10.1875657
9.84100	3798.722	10.2465748
9.85100	3801.592	10.3574501
9.86000	3804.637	10.4457424
9.86900	3807.075	10.5156905
9.87900	3808.370	10.5735289
9.88800	3809.890	10.6212185
9.89700	3811.127	10.6642326
9.90700	3807.686	10.7012947
9.91600	3809.787	10.7415199
9.92500	3811.576	10.7656080
9.93500	3811.178	10.8034550
9.94400	3812.481	10.8398753
9.95400	3813.312	10.9681543
9.96300	3814.295	11.0836581
9.97200	3815.187	11.1621378
9.98200	3814.340	11.2355716
9.99100	3814.366	11.2978594
10.00000	3815.505	11.4413066
10.01000	3828.775	11.5634805
10.02000	3838.565	11.6503142
10.03000	3845.962	11.7110350
10.04000	3849.536	11.7532093
10.05000	3853.112	11.7988401
10.06000	3860.252	11.9034984
10.07000	3865.555	12.0809862
10.08000	3869.660	12.2002564
10.08000	3872.914	12.3049233
10.09000	3875.562	12.3771605
10.10000	3910.368	12.4599934
10.11000	3890.932	12.5031786
10.12000	3872.447	12.2090499
10.13000	3863.397	12.2672442
10.14000	3857.152	12.3097289
10.15000	3852.744	12.3406196
10.16000	3849.669	12.3557451
10.17000	3847.463	12.3951330
10.18000	3846.032	12.4413803
10.19000	3845.021	12.4873944
10.20000	3845.086	12.5295551
10.21000	3845.105	12.5761903
10.22000	3845.259	12.6244053
10.23000	3845.472	12.6694477
10.23000	3845.792	12.6975687
10.24000	3845.902	12.7527814
10.25000	3846.054	12.7783364
10.26000	3846.167	12.8137603
10.27000	3846.161	12.8622684
10.28000	3846.197	12.9142408
10.29000	3840.747	12.9579574
10.30000	3835.452	13.0172642
10.31000	3835.596	13.1488784
10.32000	3831.244	13.2455336
10.33000	3832.449	13.3522725
10.34000	3834.312	13.5421438
10.35000	3830.309	13.6758086
10.36000	3831.389	13.7813664
10.37000	3831.754	13.8916496
10.38000	3826.908	13.9898434
10.39000	3827.208	14.0668089
10.40000	3828.062	14.1348642
10.41000	3829.649	14.2446167
10.41000	3830.385	14.4104341
10.42000	3829.757	14.5600565
10.43000	3828.755	14.6652807
10.44000	3830.164	14.5890496
10.45000	3830.046	14.5264111
10.46000	3829.848	14.4753513
10.47000	3829.614	14.4459623
10.48000	3829.070	14.4502960
10.49000	3828.237	14.4139286
10.50000	3827.325	14.3923398
10.51000	3825.511	14.3994772
10.52000	3824.002	14.4062798
10.53000	3820.576	14.5860056
10.54000	3819.338	14.6035373
10.55000	3817.479	14.6785677
10.56000	3815.562	14.7074688
10.57000	3814.144	14.7473100
10.58000	3812.734	14.7800613
10.59000	3815.090	14.8206466
10.60000	3814.539	14.9811159
10.60000	3814.661	15.0383657
10.61000	3822.406	15.2055913
10.62000	3819.987	15.4427479
10.63000	3818.678	15.5733869
10.64000	3823.686	15.7589297
10.65000	3817.078	15.9202831
10.66000	3816.554	15.9680568
10.67000	3816.118	16.0123665
10.68000	3815.633	16.1074003
10.69000	3815.446	16.1376178
10.70000	3815.097	16.1932369
10.71000	3814.076	16.2141286
10.72000	3813.753	16.2367397
10.73000	3813.523	16.2754926
10.74000	3815.348	16.3102202
10.75000	3813.504	16.3406125
10.76000	3813.500	16.3414531
10.77000	3812.736	16.3448718
10.78000	3812.843	16.3551321
10.79000	3813.076	16.5257972
10.80000	3813.339	16.6556018
10.80000	3813.709	16.7686449
10.81000	3814.341	16.9371816
10.82000	3814.671	17.0656805
10.83000	3814.527	17.1326208
10.84000	3814.501	17.2783985
10.85000	3814.445	17.5615083
10.86000	3814.462	17.9163009
10.87000	3815.869	18.0642120
10.88000	3820.613	18.1992547
10.89000	3825.158	18.3660962
10.90000	3839.197	18.4819529
10.91000	3846.001	18.6037914
10.92000	3851.704	18.7456635
10.93000	3856.232	18.8725842
10.94000	3857.995	18.9990500
10.95000	3860.180	19.1086145
10.96000	3859.975	19.3408940
10.97000	3861.177	19.4869795
10.98000	3863.236	19.7123065
10.99000	3865.763	19.8913233
11.00000	3868.773	20.0656188
11.01000	3868.893	20.1908023
11.02000	3874.565	20.3338576
11.02000	3877.450	20.5060880
11.03000	3877.140	20.6702204
11.04000	3868.538	20.8374097
11.05000	3883.472	21.0245295
11.06000	3883.964	21.1623613
11.07000	3874.759	21.0687922
11.08000	3881.220	21.0396181
11.09000	3860.682	21.0628890
11.10000	3861.326	21.0166075
11.11000	3848.376	20.9922366
11.12000	3847.193	20.8917971
11.13000	3845.205	20.9635977
11.14000	3844.016	20.8722391
11.15000	3842.423	20.9022518
11.16000	3838.467	20.9241074
11.17000	3838.254	20.9171633
11.18000	3837.078	20.9560540
11.19000	3835.996	20.9863110
11.20000	3835.328	21.0848409
11.21000	3833.896	21.1404014
11.22000	3834.232	21.2100330
11.23000	3833.635	21.4416376
11.24000	3834.579	21.5858112
11.25000	3836.193	21.6687873
11.25000	3833.796	21.8432202
11.26000	3834.342	22.0148016
11.27000	3834.150	22.1322878
11.28000	3834.018	22.2204686
11.29000	3834.288	22.3004373
11.30000	3834.260	22.3700808
11.31000	3833.887	22.4416716
11.32000	3832.173	22.6392604
11.33000	3831.199	22.6574272
11.34000	3830.416	22.7280918
11.35000	3830.337	22.7999479
11.36000	3830.032	22.8512987
11.37000	3828.703	22.8937352
11.38000	3828.169	22.9542714
11.39000	3828.356	23.0323176
11.40000	3828.855	23.0887872
11.41000	3829.400	23.1570128
11.42000	3829.800	23.2033440
11.43000	3828.312	23.2860500
11.44000	3828.117	23.3350885
11.45000	3827.168	23.5366056
11.46000	3826.534	23.6396918
11.46000	3825.996	23.7337889
11.47000	3825.847	23.8221924
11.48000	3825.101	23.9065084
11.49000	3825.128	23.9821092
11.50000	3826.120	24.0341202
11.51000	3850.041	24.0946188
11.52000	3847.579	24.2000986
11.53000	3843.634	24.2312630
11.54000	3843.046	24.3304968
11.55000	3842.358	24.4474683
11.56000	3838.674	24.5272377
11.57000	3831.156	24.5966520
11.58000	3832.245	24.6742812
11.58000	3837.323	24.7521235
11.59000	3837.959	24.8740420
11.59000	3838.312	24.9499649
11.59000	3838.509	25.5813183
11.59000	3838.464	25.7458218
11.59000	3838.463	25.9610392
11.59000	3838.445	26.1256747
11.59000	3838.395	26.3106191
11.59000	3838.418	26.4280062
11.59000	3838.449	26.5383115
11.59000	3838.312	26.6022795
11.59000	3838.421	26.6861916
11.59000	3838.326	26.7313723
11.60000	3838.276	26.8132227
11.60000	3837.735	26.8759561
11.61000	3836.711	26.9552974
11.62000	3835.483	27.0444706
11.63000	3834.180	27.1955614
11.64000	3832.910	27.2988712
11.65000	3860.348	27.4417648
11.66000	3860.355	27.6564942
11.67000	3866.388	27.9811171
11.67000	3857.502	28.0606402
11.68000	3860.883	28.0103410
11.69000	3862.076	28.2134609
11.70000	3862.972	28.2784146
11.71000	3858.955	28.5032552
11.72000	3859.973	28.6248982
11.73000	3859.911	28.7235593
11.74000	3861.331	28.9475207
11.75000	3860.520	29.0899626
11.76000	3860.624	29.2408174
11.77000	3861.098	29.3880437
11.78000	3864.902	29.5122499
11.79000	3866.328	29.6235145
11.80000	3875.547	29.6891792
11.81000	3878.718	29.8481581
11.82000	3880.379	29.9471548
11.83000	3857.468	30.1175946
11.84000	3868.884	30.3281619
11.85000	3881.565	30.4669347
11.86000	3869.155	30.5548516
11.87000	3869.256	30.7004027
11.88000	3869.212	30.9002579
11.89000	3868.191	30.9820083
11.90000	3867.870	31.1522945
11.91000	3867.767	31.3368846
11.91000	3867.779	31.4814896
11.92000	3858.806	31.6160479
11.93000	3861.371	31.6277548
11.94000	3863.158	31.6025579
11.95000	3863.624	31.5878018
11.96000	3864.646	31.6033329
11.97000	3860.469	31.6067354
11.98000	3840.385	31.3385986
11.99000	3863.568	31.1792578
12.00000	3841.950	31.3112684
12.01000	3840.950	31.6593481
12.02000	3840.454	31.9010686
12.03000	3840.098	32.1133774
12.04000	3834.101	32.2992330
12.05000	3833.711	32.5074727
12.06000	3835.976	32.6324888
12.07000	3835.850	32.8149393
12.08000	3837.828	33.0944433
12.09000	3839.307	33.2394891
12.10000	3839.203	33.3652812
12.11000	3841.482	33.4719921
12.12000	3844.580	33.5737665
12.13000	3851.313	33.7327160
12.14000	3847.024	33.5995634
12.15000	3852.466	33.2263566
12.16000	3854.908	32.8495810
12.16000	3851.060	32.7974177
12.17000	3851.009	32.8129824
12.18000	3848.767	32.8029983
12.19000	3842.590	32.7854662
12.20000	3842.769	32.7435322
12.21000	3839.580	32.7812452
12.22000	3839.534	32.7716343
12.23000	3833.973	32.8077080
12.24000	3834.212	32.8987237
12.25000	3841.166	33.1277544
12.26000	3836.172	33.2582424
12.27000	3836.142	33.3064252
12.28000	3864.358	33.3556721
12.29000	3865.881	33.4819739
12.30000	3864.284	33.3840053
12.31000	3853.023	33.3865441
12.32000	3865.191	33.3715145
12.33000	3863.109	33.5572883
12.34000	3849.320	33.5219615
12.35000	3849.153	33.6098949
12.35000	3852.813	33.6376297
12.35000	3856.091	34.1524885
12.35000	3859.314	34.3776679
12.35000	3862.508	34.6551679
12.35000	3863.801	34.6151380
12.35000	3864.507	34.5865269
12.35000	3864.312	34.5625962
12.35000	3864.023	34.7157374
12.35000	3864.013	34.8040033
12.35000	3864.000	34.9031515
12.35000	3863.954	34.8960196
12.35000	3859.515	34.8974921
12.35000	3860.700	34.8994341
12.36000	3860.281	34.9198713
12.37000	3868.279	34.8529247
12.38000	3862.530	35.0983486
12.39000	3857.142	35.0323960
12.40000	3847.552	35.2693536
12.41000	3842.270	35.3933487
12.42000	3835.704	35.6098351
12.43000	3863.416	35.6456116
12.44000	3871.022	35.7264302
12.45000	3845.408	35.6543020
12.46000	3852.912	35.8591350
12.47000	3853.714	36.0890002
12.48000	3844.250	36.2302944
12.49000	3846.669	36.2226614
12.50000	3840.583	36.3912282
12.51000	3843.153	36.3803375
12.52000	3838.605	36.7087306
12.53000	3835.367	36.8675613
12.54000	3834.466	37.0377412
12.54000	3834.487	37.3442345
12.55000	3834.163	37.5660051
12.56000	3833.654	37.5939540
12.57000	3849.922	37.8299258
12.58000	3849.797	37.8721804
12.59000	3833.017	37.9922675
12.60000	3836.007	38.0988954
12.61000	3831.574	38.4984323
12.62000	3836.482	38.5671392
12.63000	3835.471	38.7537112
12.64000	3834.150	38.7648431
12.65000	3837.331	39.0261933
12.66000	3838.764	39.3011463
12.67000	3839.368	39.4145045
12.68000	3859.188	39.7662689
12.69000	3858.641	40.0526551
12.70000	3855.639	40.1165360
12.71000	3855.959	40.3734813
12.72000	3855.650	40.5618275
12.73000	3848.854	40.5543867
12.74000	3843.483	40.5068227
12.75000	3842.436	40.5072303
12.76000	3839.632	40.5767972
12.77000	3837.101	40.5331830
12.78000	3837.114	40.5385349
12.79000	3832.637	40.5189801
12.80000	3832.688	40.4418868
12.81000	3833.888	40.6763003
12.82000	3831.963	40.8233229
12.82000	3832.904	41.0951808
12.83000	3834.497	41.3186171
12.84000	3837.542	41.4936177
12.85000	3837.818	41.6605406
12.86000	3836.440	41.8533532
12.87000	3835.316	42.0511115
12.88000	3833.208	42.2485079
12.89000	3832.886	42.3317067
12.90000	3832.894	42.5039750
12.91000	3830.047	42.6658751
12.92000	3829.327	42.8079625
12.93000	3826.647	42.9224633
12.94000	3825.568	43.1485419
12.95000	3825.031	43.3577029
12.96000	3824.910	43.5805584
12.97000	3825.104	43.7380521
12.98000	3824.640	43.9088538
12.99000	3824.298	43.9407879
13.00000	3824.137	44.0379014
13.00000	3824.369	44.0578368
13.01000	3824.912	44.2282459
13.01000	3825.137	44.2461749
13.02000	3825.268	44.3410024
13.02000	3825.471	44.4040906
13.03000	3825.611	44.5038581
13.03000	3825.938	44.5370506
13.03000	3825.896	44.6153578
13.04000	3825.855	44.6723922
13.04000	3825.927	44.7074338
13.04000	3826.074	44.8481495
13.04000	3826.094	44.9429045
13.05000	3825.852	45.0496572
13.05000	3825.790	45.1699100
13.05000	3824.837	45.2498554
13.05000	3825.536	45.3137438
13.05000	3825.645	45.4187852
13.05000	3825.713	45.4662786
13.06000	3825.716	45.5581518
13.06000	3823.918	45.5988981
13.06000	3824.112	45.6586484
13.06000	3824.119	45.7267412
13.06000	3824.062	45.8779199
13.06000	3824.026	45.9574634
13.06000	3823.945	45.9934962
13.07000	3823.791	46.0868685
13.07000	3823.736	46.1888542
13.07000	3823.753	46.2542052
13.07000	3822.746	46.3113550
13.07000	3823.534	46.3701812
13.07000	3823.493	46.4023100
13.07000	3823.674	46.4369133
13.07000	3823.857	46.4806460
13.08000	3823.883	46.4998261
13.08000	3823.841	46.5384681
13.08000	3823.791	46.5478438
13.08000	3823.738	46.4552368
13.08000	3823.669	46.5169769
13.08000	3823.492	46.5583290
13.09000	3823.356	46.5690194
13.09000	3823.176	46.5386232
13.09000	3823.006	46.5780774
13.09000	3822.153	46.6401557
13.09000	3821.992	46.7105169
13.09000	3821.892	46.7922115
13.09000	3821.751	46.8679685
13.09000	3821.677	46.9517438
13.10000	3821.312	47.0236885
13.10000	3819.260	47.0865748
13.10000	3819.274	47.1635787
13.10000	3819.262	47.2383142
13.10000	3819.285	47.3054346
13.10000	3819.250	47.3623988
13.11000	3819.170	47.4170783
13.11000	3819.089	47.5381493
13.11000	3819.436	47.5226368
13.12000	3819.117	47.6962597
13.13000	3818.263	47.7948956
13.14000	3818.042	47.9351316
13.15000	3818.060	48.0189952
13.16000	3818.077	48.1038669
13.17000	3817.759	48.1594444
13.18000	3817.450	48.2733665
13.19000	3816.921	48.3053608
13.20000	3817.272	48.6330526
13.21000	3817.923	48.8502877
13.22000	3817.592	48.9757324
13.23000	3817.214	49.2414782
13.24000	3816.505	49.3702427
13.25000	3816.186	49.4418281
13.26000	3816.069	49.6686346
13.27000	3816.645	49.8330209
13.28000	3817.166	50.0005015
13.29000	3816.959	50.1120624
13.30000	3816.157	50.2047280
13.31000	3816.075	50.2681736
13.32000	3816.149	50.3323645
13.33000	3816.002	50.4802989
13.34000	3832.238	50.6175467
13.35000	3815.394	50.8463148
13.36000	3830.535	50.7537648
13.37000	3855.052	50.9062875
13.38000	3861.558	50.9465152
13.39000	3867.740	50.5573517
13.40000	3856.321	50.3596689
13.41000	3853.779	50.2118390
13.42000	3862.302	50.0222594
13.43000	3851.351	49.7828255
13.44000	3848.973	49.6459742
13.45000	3847.488	49.7118497
13.46000	3838.811	49.5892173
13.47000	3838.234	49.6008098
13.48000	3837.162	49.6291999
13.49000	3847.665	49.6667351
13.49000	3848.103	49.7053241
13.50000	3847.716	49.7013100
13.51000	3834.655	49.7213509
13.52000	3834.255	49.8442303
13.53000	3834.043	50.0405519
13.54000	3845.437	50.1923944
13.55000	3824.707	50.3311606
13.56000	3824.891	50.9810506
13.57000	3855.481	51.1083593
13.58000	3860.298	51.3146004
13.59000	3850.182	51.8521850
13.60000	3850.070	52.1000826
13.61000	3850.127	52.6705673
13.62000	3883.963	53.3116555
13.63000	3835.888	53.8032213
13.64000	3833.514	54.2849166
13.64000	3831.447	54.8867423
13.65000	3840.589	55.5371397
13.66000	3841.481	56.0717571
13.66000	3843.782	56.2639744
13.67000	3843.080	56.4341427
13.68000	3843.140	56.5780207
13.69000	3843.454	56.9976123
13.70000	3892.078	57.3386496
13.71000	3849.336	57.5080127
13.72000	3851.234	56.9473724
13.73000	3846.777	57.0268765
13.74000	3851.297	57.1246325
13.74000	3851.441	57.3191467
13.75000	3847.406	57.6630658
13.76000	3848.867	57.8322178
13.76000	3854.524	58.0387300
13.77000	3855.155	58.2995322
13.77000	3855.770	58.5426168
13.78000	3856.139	58.7518064
13.78000	3856.393	59.0609853
13.78000	3855.379	59.2928006
13.79000	3831.174	59.5189165
13.79000	3828.300	59.4567782
13.79000	3826.254	59.7420405
13.79000	3824.435	59.9898069
13.80000	3823.663	60.1267284
13.80000	3821.566	60.2360672
13.81000	3843.347	60.3767889
13.82000	3839.487	60.5048667
13.83000	3832.849	60.3668023
13.84000	3826.415	60.1849777
13.85000	3827.337	60.0302896
13.86000	3814.849	60.1366083
13.87000	3820.540	60.0618084
13.88000	3820.075	60.4790488
13.89000	3819.697	61.1337438
13.90000	3819.356	61.4855872
13.91000	3819.055	61.9349402
13.92000	3818.805	62.3244577
13.93000	3832.214	62.6801720
13.94000	3814.614	63.0358437
13.95000	3829.263	63.4209490
13.96000	3814.207	63.6690336
13.97000	3819.192	63.9988824
13.97000	3823.309	64.2682285
13.98000	3832.517	64.7480493
13.99000	3828.464	65.2698997
14.00000	3829.500	65.7238782
14.01000	3833.523	66.1650308
14.02000	3837.242	66.3945920
14.03000	3838.144	66.5364747
14.04000	3843.024	67.1209677
14.05000	3849.461	67.5544792
14.05000	3852.991	68.0575097
14.06000	3858.232	68.1432306
14.06000	3867.677	68.1410678
14.07000	3876.832	68.1521375
14.07000	3886.354	68.1721866
14.07000	3892.475	68.1801686
14.08000	3884.862	68.1890292
14.08000	3872.681	68.0619303
14.08000	3868.870	68.0938091
14.08000	3865.633	68.1792389
14.08000	3862.883	68.1876752
14.09000	3869.415	68.3007594
14.09000	3869.120	68.2958955
14.09000	3868.310	68.3099193
14.09000	3867.788	68.2852085
14.09000	3865.004	68.4673977
14.09000	3898.900	68.5012101
14.09000	3900.534	68.6118946
14.10000	3899.323	68.4904586
14.10000	3897.038	68.6597236
14.10000	3895.301	68.6316102
14.10000	3894.299	68.6554769
14.10000	3890.529	68.4735429
14.10000	3890.428	68.2896631
14.10000	3890.806	68.2249008
14.10000	3891.335	68.1695686
14.11000	3888.883	68.1101671
14.11000	3886.739	68.0562771
14.11000	3885.132	68.0183751
14.11000	3884.317	67.9759371
14.11000	3866.781	67.9506205
14.11000	3867.021	67.8925877
14.11000	3867.404	68.0074864
14.12000	3868.785	67.8991124
14.12000	3866.967	67.8423569
14.12000	3866.773	67.7966148
14.12000	3866.787	67.8531388
14.12000	3865.978	67.8118742
14.12000	3865.152	67.7894937
14.12000	3864.469	67.7900918
14.12000	3864.049	67.8223294
14.13000	3863.863	67.7534901
14.13000	3862.842	67.7314230
14.13000	3859.613	67.7236356
14.13000	3858.807	67.7144226
14.13000	3859.024	67.7738811
14.13000	3859.125	67.7886932
14.13000	3859.334	67.7942255
14.14000	3859.136	67.7618549
14.14000	3858.951	67.7757240
14.14000	3858.935	67.8070734
14.14000	3858.892	67.7856356
14.14000	3858.565	67.8685176
14.14000	3858.327	67.8990823
14.14000	3857.166	67.8947790
14.15000	3855.221	67.9629149
14.16000	3849.569	68.0683586
14.16000	3845.369	68.4924193
14.16000	3843.810	68.8824594
14.17000	3841.793	69.2043299
14.18000	3840.167	69.3708507
14.19000	3837.240	69.7088152
14.20000	3837.354	69.9324659
14.20000	3837.466	69.9246164
14.21000	3836.779	70.0021803
14.21000	3837.013	70.0655831
14.22000	3833.951	70.2096352
14.22000	3833.109	70.3298875
14.22000	3832.559	70.4154559
14.22000	3831.481	70.6744195
14.22000	3830.846	70.6907939
14.23000	3830.844	70.7685376
14.23000	3831.294	70.8420661
14.23000	3831.455	70.9176109
14.23000	3831.582	70.9697709
14.23000	3832.707	71.0237398
14.23000	3833.616	71.0773105
14.23000	3834.137	71.0978794
14.24000	3834.466	71.1258888
14.24000	3835.048	71.1404156
14.24000	3835.183	71.1580427
14.25000	3834.656	71.2383786
14.26000	3831.823	71.3217398
14.27000	3865.227	71.4363156
14.28000	3840.782	71.7961716
14.29000	3831.135	72.0164461
14.30000	3825.818	72.3913382
14.30000	3858.031	72.7507834
14.31000	3828.374	73.0760517
14.32000	3837.285	72.3333629
14.33000	3825.789	72.7846241
14.34000	3870.492	72.7852198
14.35000	3828.599	72.9501973
14.36000	3897.170	72.7939298
14.37000	3827.628	72.3067443
14.38000	3826.275	72.3712338
14.39000	3825.808	72.5922635
14.40000	3825.072	72.6217135
14.41000	3825.234	72.6994963
14.42000	3824.631	73.0395473
14.43000	3825.323	73.2815754
14.44000	3839.567	73.4971494
14.45000	3826.170	73.4554282
14.46000	3830.574	73.1190671
14.47000	3833.772	73.0083516
14.48000	3839.830	73.0696005
14.49000	3868.834	73.1096517
14.50000	3849.096	73.1943078
14.51000	3866.264	72.7364065
14.52000	3870.611	72.8904045
14.53000	3864.442	73.6330493
14.54000	3841.202	74.0019002
14.55000	3840.889	73.8578218
14.56000	3839.178	73.6662741
14.57000	3838.948	73.5800215
14.57000	3838.451	73.9005508
14.58000	3822.613	73.9695544
14.59000	3831.576	73.7504321
14.59000	3822.360	74.2645302
14.59000	3821.062	75.2424994
14.59000	3820.894	75.5495611
14.59000	3821.221	75.6935877
14.59000	3820.930	75.8471779
14.59000	3821.009	75.8707144
14.59000	3821.219	75.9399964
14.59000	3820.964	75.9337941
14.59000	3820.914	75.9854919
14.59000	3821.229	76.0946780
14.59000	3820.934	76.1172520
14.59000	3821.065	76.1284423
14.60000	3821.253	76.1357040
14.60000	3820.996	76.1279407
14.60000	3821.021	76.1425774
14.60000	3820.800	76.1814781
14.60000	3820.196	76.3318773
14.60000	3820.675	77.1764792
14.60000	3820.832	77.3889894
14.60000	3820.467	77.3291875
14.60000	3820.919	77.3745033
14.60000	3821.068	77.3789318
14.60000	3820.693	77.3884802
14.60000	3821.151	77.4054075
14.60000	3821.277	77.4404727
14.60000	3821.136	77.5045656
14.60000	3821.360	77.5638338
14.61000	3821.385	77.5620935
14.61000	3821.261	77.7364200
14.61000	3820.920	77.9448141
14.62000	3820.887	77.9628522
14.63000	3819.200	78.0781515
14.63000	3820.337	78.2276337
14.64000	3820.465	78.3050027
14.64000	3820.525	78.4539050
14.64000	3819.702	79.0186602
14.64000	3820.400	79.3633824
14.64000	3820.547	79.7287265
14.64000	3819.887	79.9332993
14.64000	3820.413	79.9161800
14.64000	3820.540	79.9696186
14.64000	3819.669	79.9408311
14.64000	3820.392	79.9513821
14.64000	3820.529	79.9624117
14.64000	3820.429	79.9574205
14.64000	3831.757	79.9977264
14.64000	3820.344	80.0234229
14.64000	3820.429	80.0895634
14.65000	3820.297	80.1953610
14.65000	3820.287	80.2800026
14.65000	3820.374	80.4527137
14.65000	3820.385	80.5340421
14.65000	3820.441	80.6671456
14.65000	3820.516	80.7516593
14.65000	3820.523	80.8108349
14.66000	3820.582	80.7863414
14.66000	3820.564	80.8320515
14.66000	3820.560	80.8322788
14.66000	3820.543	80.8348466
14.66000	3820.548	80.9159779
14.66000	3820.512	80.9529501
14.66000	3843.288	80.9652058
14.67000	3842.390	80.9930669
14.67000	3841.678	80.9845306
14.67000	3843.579	81.0893810
14.67000	3842.810	81.1543256
14.67000	3823.447	81.2000544
14.67000	3829.468	81.2152158
14.67000	3834.171	81.4165032
14.67000	3836.637	81.4923694
14.68000	3830.619	81.4531402
14.68000	3827.792	81.4490212
14.69000	3820.432	81.3840800
14.70000	3852.591	81.5273443
14.71000	3864.080	81.6695940
14.72000	3876.020	81.9395007
14.73000	3871.676	82.2195241
14.74000	3873.940	82.7514609
14.75000	3876.030	83.1578016
14.75000	3879.207	83.4013359
14.76000	3878.124	83.6816942
14.77000	3871.972	83.8062331
14.78000	3877.541	83.8412023
14.79000	3880.095	84.0836465
14.80000	3889.558	84.0896678
14.80000	3892.418	84.3169258
14.81000	3896.046	84.2649568
14.81000	3897.672	84.2841137
14.82000	3898.052	84.2354446
14.82000	3898.638	84.1823758
14.83000	3903.788	84.0869583
14.83000	3904.933	84.0604803
14.84000	3904.914	84.0493877
14.84000	3905.128	84.1516316
14.85000	3894.689	84.2019395
14.86000	3895.675	84.3268665
14.86000	3894.559	84.4432776
14.87000	3896.185	84.6842239
14.88000	3867.227	85.0222732
14.89000	3880.794	85.1816029
14.90000	3881.094	85.3915135
14.91000	3873.466	85.5311808
14.92000	3877.649	85.5918046
14.93000	3857.962	85.6647387
14.94000	3868.689	85.7496146
14.95000	3874.599	85.9125690
14.96000	3893.591	86.0167357
14.97000	3844.274	86.1647914
14.98000	3844.500	86.4720713
14.99000	3846.414	86.6857109
15.00000	3844.245	86.7872730
15.00000	3842.276	86.8767168
15.01000	3835.345	86.7518685
15.01000	3832.599	86.6559442
15.02000	3830.372	86.5658461
15.03000	3835.166	86.4914108
15.03000	3832.424	86.4254450
15.04000	3823.618	86.4470874
15.05000	3830.659	86.3572239
15.06000	3817.897	86.5368994
15.07000	3884.804	86.5512818
15.08000	3820.407	86.7468920
15.09000	3874.918	86.6164944
15.10000	3819.729	86.9879334
15.11000	3873.515	86.9953425
15.12000	3821.258	87.1770472
15.13000	3829.012	87.2409504
15.14000	3831.080	87.6395958
15.15000	3829.971	87.7955293
15.16000	3829.102	87.8370222
15.17000	3823.592	87.8988396
15.17000	3822.615	88.1984860
15.18000	3821.772	88.3912999
15.19000	3821.711	88.5177819
15.19000	3821.754	88.6727296
15.20000	3822.327	88.9964400
15.21000	3824.609	89.1141053
15.21000	3825.748	89.2487096
15.22000	3826.472	89.3565711
15.22000	3826.897	89.5565618
15.23000	3826.995	89.7162583
15.23000	3827.378	89.8309660
15.24000	3827.822	89.9373323
15.24000	3828.235	90.2753777
15.24000	3828.491	90.4301779
15.25000	3828.248	90.5736394
15.26000	3827.651	90.6936516
15.27000	3827.299	90.8662311
15.28000	3826.003	91.2992185
15.28000	3825.841	91.5732071
15.29000	3825.378	91.3851246
15.30000	3824.841	91.7665571
15.31000	3824.442	92.2990198
15.32000	3823.140	92.6888029
15.33000	3822.449	93.1296962
15.33000	3821.888	93.0019548
15.34000	3821.799	93.5288149
15.35000	3820.875	93.5807698
15.36000	3820.586	93.7123012
15.37000	3818.947	94.1139809
15.38000	3817.227	94.5293568
15.38000	3815.556	94.9527535
15.39000	3814.133	95.4601027
15.40000	3813.836	96.0703409
15.41000	3813.733	96.6216319
15.42000	3819.279	97.6833488
15.42000	3819.358	98.6567281
15.42000	3819.249	99.6232878
15.42000	3819.368	99.7073313
15.42000	3819.276	99.8382534
15.42000	3819.347	100.0829420
15.42000	3819.367	100.3485289
15.42000	3819.340	100.6243304
15.42000	3819.305	100.9065269
15.42000	3819.290	101.2187275
15.42000	3819.166	101.4990374
15.42000	3818.974	101.8190325
15.42000	3817.393	102.1568041
15.42000	3825.183	102.5245175
15.42000	3829.621	102.9488617
15.42000	3831.743	103.0149416
15.43000	3833.856	102.8964731
15.43000	3836.035	102.8436292
15.43000	3838.173	102.7601218
15.43000	3840.301	102.7233195
15.43000	3830.354	103.2544525
15.43000	3822.446	103.4302626
15.43000	3821.840	103.6961693
15.43000	3822.528	104.0371249
15.43000	3823.164	104.1615021
15.43000	3823.785	104.1562193
15.43000	3824.284	104.1239296
15.43000	3824.718	104.1348272
15.43000	3824.353	104.1437873
15.44000	3828.968	104.2077101
15.45000	3819.026	104.2827456
15.45000	3816.039	104.4251672
15.46000	3820.792	104.4015444
15.47000	3817.383	104.6096321
15.48000	3837.342	104.8349876
15.49000	3835.382	105.0405137
15.50000	3864.124	104.9770535
15.51000	3861.329	105.0806930
15.52000	3813.854	105.1748080
15.53000	3826.415	105.0288840
15.54000	3849.600	105.9495944
15.55000	3856.881	106.7248256
15.56000	3865.751	107.5697509
15.57000	3850.806	108.1774726
15.58000	3823.878	108.8561117
15.58000	3837.813	109.5562714
15.58000	3837.669	111.0142447
15.58000	3837.693	111.3519365
15.58000	3823.741	111.8624773
15.58000	3823.587	112.5088109
15.58000	3823.490	113.1835917
15.58000	3824.378	113.8098929
15.58000	3823.767	113.9528753
15.58000	3832.928	114.1212235
15.59000	3833.761	114.1542746
15.59000	3828.309	114.0466429
15.60000	3838.565	114.1738209
15.61000	3837.337	114.4447553
15.62000	3828.057	114.6329726
15.63000	3836.959	114.9455273
15.64000	3842.444	115.7612561
15.65000	3842.870	115.8948501
15.65000	3841.637	115.7525520
15.65000	3841.214	116.2861548
15.65000	3840.015	116.4825162
15.65000	3838.460	116.3270019
15.65000	3836.619	116.0179510
15.65000	3836.515	115.6866124
15.65000	3837.032	115.3682911
15.65000	3837.375	114.9846575
15.65000	3838.265	114.6379202
15.65000	3840.965	114.3259248
15.65000	3842.995	114.1038534
15.65000	3844.019	113.8712622
15.66000	3844.225	113.6833441
15.66000	3838.534	113.6726232
15.67000	3828.198	114.8144155
15.68000	3840.262	115.9573261
15.69000	3838.931	117.0534801
15.70000	3822.064	118.1503980
15.71000	3822.713	118.7233646
15.71000	3837.738	119.0604095
15.71000	3825.936	119.3767986
15.72000	3864.179	119.7870138
15.72000	3847.452	120.4217733
15.72000	3836.622	120.6592136
15.72000	3826.950	120.6057064
15.73000	3839.098	120.4200885
15.73000	3845.443	120.0091413
15.73000	3835.232	119.4709948
15.73000	3827.295	119.0328517
15.73000	3836.786	118.7589342
15.74000	3828.376	118.7579463
15.75000	3849.780	118.6364768
15.76000	3859.823	118.7007474
15.77000	3859.740	119.1092395
15.78000	3863.624	119.0738500
15.79000	3922.635	119.8280406
15.79000	3941.821	120.0981905
15.79000	3947.277	120.6496884
15.79000	3951.519	120.7271164
15.79000	3949.668	120.5280553
15.79000	3949.008	120.3211236
15.79000	3947.655	120.1648641
15.79000	3932.564	120.0555321
15.79000	3931.983	119.8018290
15.80000	3929.642	119.6292373
15.80000	3919.111	119.6142811
15.81000	3889.975	119.6281229
15.82000	3870.043	119.6381568
15.83000	3860.546	119.7456129
15.84000	3859.238	119.9647558
15.85000	3863.199	120.2850554
15.86000	3912.727	120.5239855
15.86000	3879.687	120.7871867
15.87000	3912.954	120.5272905
15.88000	3870.678	121.1112938
15.89000	3863.713	121.0756636
15.89000	3871.522	121.4022627
15.89000	3879.355	122.7915755
15.89000	3888.535	123.2540986
15.89000	3896.173	123.7495721
15.89000	3893.800	123.7685195
15.89000	3891.550	123.6312179
15.89000	3889.887	123.6314519
15.89000	3888.910	123.6413157
15.89000	3887.849	123.7567836
15.89000	3891.840	123.8909345
15.89000	3891.465	124.0715703
15.89000	3890.430	124.2739442
15.89000	3888.083	124.4103682
15.89000	3890.774	124.0178917
15.89000	3879.231	124.1173630
15.90000	3865.376	123.8518074
15.90000	3847.602	123.7035526
15.91000	3833.996	123.8630504
15.92000	3821.941	124.0086815
15.93000	3819.512	123.9597945
15.94000	3830.202	123.9578731
15.95000	3821.141	124.2100760
15.96000	3855.717	124.4582519
15.97000	3883.323	124.6526808
15.98000	3886.552	124.7776536
15.98000	3873.289	124.2429924
15.99000	3902.070	124.2822002
16.00000	3888.903	124.5377990
16.00000	3849.375	124.5774334
16.01000	3839.482	124.6424256
16.02000	3833.696	124.9614043
16.03000	3862.803	125.4061780
16.04000	3871.715	125.6639415
16.05000	3871.629	126.1911368
16.05000	3903.159	126.8135027
16.05000	3903.391	127.3073181
16.05000	3903.657	127.3923904
16.05000	3904.082	127.3669586
16.05000	3904.961	127.3500764
16.05000	3905.091	127.3645014
16.05000	3905.195	127.2303217
16.05000	3905.646	127.1668258
16.05000	3904.962	127.1374438
16.06000	3905.550	126.9526866
16.06000	3902.273	126.7410945
16.06000	3893.293	126.6084049
16.07000	3878.797	126.4171116
16.07000	3871.305	126.2587054
16.07000	3862.066	126.1912961
16.07000	3859.521	126.1413889
16.07000	3857.700	126.1587144
16.08000	3852.935	126.1543063
16.08000	3880.774	126.1662963
16.09000	3863.158	126.2771028
16.09000	3876.437	125.7825510
16.09000	3876.481	125.9284641
16.09000	3876.384	126.5721931
16.09000	3876.476	126.9177393
16.09000	3876.391	127.2155054
16.09000	3876.739	127.0480851
16.09000	3882.393	126.9099324
16.09000	3884.727	126.8527562
16.09000	3885.739	126.7234950
16.09000	3885.752	126.6577607
16.09000	3885.627	126.5628213
16.09000	3881.767	126.5027918
16.09000	3878.548	126.7057531
16.10000	3872.274	126.8249677
16.10000	3861.227	126.9719917
16.10000	3862.547	127.0212779
16.10000	3864.061	127.2691772
16.10000	3865.271	127.2151753
16.10000	3862.520	127.1634493
16.10000	3860.965	127.0502204
16.10000	3859.866	127.1904306
16.11000	3859.231	127.2543275
16.11000	3859.070	127.2551520
16.11000	3857.451	127.2090007
16.11000	3855.657	127.1881856
16.11000	3867.130	127.3407798
16.12000	3867.707	127.2788042
16.12000	3867.513	127.3412347
16.12000	3840.980	127.4365866
16.13000	3860.502	127.4257341
16.13000	3874.617	127.7693672
16.14000	3860.816	127.8397534
16.15000	3859.830	127.8822985
16.15000	3890.327	128.0110695
16.16000	3872.501	128.1769220
16.16000	3868.670	128.3394285
16.17000	3874.388	128.5189455
16.17000	3889.872	128.3350555
16.18000	3897.533	128.4181954
16.19000	3904.533	128.3380930
16.20000	3919.776	128.5326788
16.21000	3874.383	129.4675379
16.22000	3856.563	130.0076696
16.23000	3858.620	130.3128314
16.24000	3853.886	130.4505437
16.24000	3856.799	130.7185392
16.25000	3857.003	130.6677336
16.26000	3855.912	130.8791432
16.27000	3839.080	131.0932303
16.27000	3839.705	131.0885793
16.28000	3850.381	131.0277959
16.28000	3884.046	131.3665973
16.28000	3881.961	131.7629917
16.29000	3879.215	131.4105432
16.29000	3874.224	131.4290375
16.29000	3873.421	131.7789484
16.30000	3873.610	132.4524395
16.30000	3872.905	132.9178494
16.30000	3872.423	133.3664331
16.30000	3871.958	133.7049844
16.31000	3871.506	134.1567875
16.31000	3871.516	134.5665234
16.31000	3871.347	134.9211980
16.31000	3871.091	135.2696511
16.31000	3870.751	135.3314022
16.31000	3871.068	135.3639824
16.32000	3871.712	135.4155433
16.32000	3871.904	135.4511149
16.32000	3871.534	135.5486048
16.32000	3876.933	135.6621028
16.32000	3876.775	135.7567245
16.32000	3876.030	135.7643051
16.32000	3878.892	135.9199321
16.32000	3877.942	136.5432949
16.33000	3879.108	136.9471088
16.33000	3880.156	137.0291052
16.33000	3879.585	137.0119242
16.33000	3878.510	136.9393199
16.34000	3880.883	136.9339925
16.35000	3872.031	137.0906980
16.36000	3876.052	137.1650258
16.36000	3887.382	137.1368600
16.37000	3906.085	137.5199607
16.37000	3924.319	137.9640202
16.38000	3941.146	138.0435811
16.38000	3959.097	137.9771040
16.38000	3965.588	137.9267922
16.38000	3948.334	137.8548760
16.38000	3947.847	137.7898535
16.39000	3951.069	137.7326949
16.39000	3955.174	137.6645054
16.39000	3953.987	137.9886705
16.39000	3951.336	138.2822367
16.39000	3947.193	138.2174632
16.39000	3944.335	138.6598761
16.39000	3942.953	138.9834864
16.39000	3941.075	139.3015881
16.40000	3942.436	139.5196403
16.40000	3948.063	139.5905646
16.40000	3943.338	139.7605235
16.40000	3943.834	139.9129862
16.40000	3940.660	140.2383935
16.40000	3938.026	140.5348282
16.40000	3931.467	140.5298452
16.40000	3924.924	140.8835963
16.41000	3921.033	141.1759931
16.41000	3916.051	141.3625295
16.41000	3915.574	141.4994816
16.41000	3906.428	141.6169405
16.41000	3908.827	141.7795230
16.42000	3905.798	141.9060720
16.42000	3909.670	142.0499364
16.42000	3914.627	142.1561557
16.43000	3942.717	142.2582252
16.43000	3920.398	142.2571130
16.43000	3919.612	141.9083254
16.43000	3919.381	141.6964529
16.43000	3918.776	141.4976796
16.43000	3915.297	141.2447700
16.43000	3912.615	141.1090102
16.43000	3908.148	140.9083214
16.43000	3891.030	140.5786219
16.44000	3878.457	140.2377264
16.45000	3863.587	140.0055209
16.46000	3854.036	139.9960542
16.47000	3848.154	139.8466081
16.48000	3843.409	140.0701406
16.49000	3836.608	139.8030190
16.50000	3835.161	139.6639577
16.50000	3832.851	139.9887520
16.51000	3857.378	140.0891807
16.52000	3855.276	140.3198604
16.52000	3852.142	140.7174230
16.52000	3853.006	140.7680856
16.53000	3849.248	140.6410097
16.53000	3842.484	140.6462434
16.54000	3836.376	140.9756563
16.54000	3845.743	140.9981170
16.54000	3850.969	141.3287618
16.55000	3854.691	141.5164113
16.55000	3837.634	141.5831322
16.56000	3840.331	141.4160874
16.56000	3838.218	141.3182334
16.57000	3836.684	141.5823098
16.58000	3839.642	141.4029603
16.59000	3850.853	141.5137122
16.60000	3853.417	141.7150200
16.61000	3869.095	141.9251953
16.62000	3869.465	142.0743505
16.63000	3871.196	142.6817728
16.64000	3879.550	142.8922373
16.64000	3880.589	143.1835231
16.64000	3881.886	143.3805655
16.64000	3881.368	143.2745410
16.64000	3881.236	143.0503100
16.64000	3881.174	143.0298524
16.64000	3881.147	142.9774838
16.64000	3881.094	142.9393133
16.64000	3874.175	142.8739517
16.64000	3874.203	142.8318377
16.65000	3874.056	142.7734627
16.65000	3866.897	142.7001361
16.65000	3866.550	142.6524870
16.65000	3866.487	142.7394984
16.65000	3866.379	143.3379396
16.65000	3866.302	143.6171679
16.65000	3866.196	143.9257829
16.65000	3866.730	143.9153032
16.65000	3868.971	143.8803277
16.65000	3871.094	143.8285377
16.65000	3872.877	143.8122848
16.65000	3874.815	143.8093347
16.65000	3876.547	143.8503506
16.65000	3878.193	143.8553218
16.65000	3879.778	144.0736722
16.65000	3879.973	144.1111802
16.65000	3878.251	144.2770866
16.66000	3870.968	144.4087004
16.66000	3869.420	144.7215374
16.67000	3858.415	145.0117251
16.68000	3865.613	144.8649607
16.68000	3862.859	145.0800371
16.69000	3862.271	145.0121744
16.69000	3862.474	145.3279878
16.69000	3862.743	145.9478629
16.69000	3862.967	146.3884559
16.69000	3872.038	146.9015852
16.69000	3870.371	147.0314601
16.69000	3863.504	147.0983820
16.69000	3863.566	147.1141829
16.69000	3863.641	147.1483652
16.69000	3863.669	147.1833551
16.70000	3863.589	147.2113042
16.70000	3863.489	147.4831885
16.70000	3863.088	147.4202222
16.70000	3862.574	147.0333469
16.70000	3862.866	147.2168613
16.71000	3862.033	147.4312263
16.71000	3859.027	146.9383139
16.72000	3856.749	147.3150104
16.73000	3855.608	147.4409132
16.73000	3851.920	147.7102122
16.74000	3852.223	147.5524892
16.74000	3860.142	147.2295060
16.75000	3867.308	147.3317405
16.75000	3897.623	147.4383015
16.75000	3882.503	147.6504841
16.75000	3881.294	147.1247917
16.75000	3894.097	146.9003770
16.75000	3869.529	146.6135966
16.76000	3853.293	146.2413632
16.76000	3850.561	146.1604787
16.77000	3860.417	146.0653427
16.78000	3853.063	145.9662464
16.78000	3862.543	145.5379293
16.79000	3874.090	146.2093720
16.80000	3866.537	145.9337554
16.81000	3900.724	145.8165776
16.82000	3887.236	145.9880929
16.83000	3886.107	145.7746802
16.83000	3870.119	145.9012260
16.84000	3862.944	146.2406705
16.85000	3854.421	146.5817320
16.86000	3858.841	146.6896979
16.87000	3902.945	147.2056287
16.87000	3865.623	147.3468612
16.87000	3865.048	146.9670575
16.87000	3864.169	146.7562255
16.87000	3861.202	146.6327102
16.87000	3854.904	146.6936275
16.88000	3850.552	146.6034188
16.88000	3843.997	146.5166452
16.89000	3828.028	146.4859526
16.90000	3829.866	146.4821253
16.91000	3877.169	146.6285165
16.92000	3877.943	147.0602114
16.92000	3940.679	147.3185651
16.92000	3908.927	148.5072963
16.92000	3887.196	148.4052207
16.92000	3880.577	148.8048874
16.92000	3868.624	149.2733442
16.92000	3850.731	149.4062166
16.92000	3829.851	149.4416915
16.92000	3830.204	149.4000976
